1000 9867 16570 0.028649
5000 63294 98294 0.168422
10000 130573 197841 0.342175
50000 876495 1227599 2.37954
100000 1838321 2822250 5.14761
500000 11158555 17202808 29.0281
1000000 24354342 38179652 64.3658
1000 8571 13740 0.024352
5000 60359 102319 0.175902
10000 143029 213782 0.364493
50000 877819 1297547 2.21087
100000 1875992 2778292 5.31885
500000 10515467 16022998 27.1089
1000000 23201851 33438674 56.2448
1000 9255 14830 0.026058
5000 63862 119443 0.201389
10000 147089 216194 0.37383
50000 810156 1252592 2.29861
100000 1882692 3061710 5.60973
500000 10820116 17107109 28.8209
1000000 22593358 35018058 59.2694
1000 9294 13999 0.024566
5000 65557 97135 0.171129
10000 138710 227658 0.391457
50000 866844 1484001 2.76631
100000 1760435 2712876 5.03381
500000 10672841 16896131 29.0675
1000000 22957864 34846291 58.9164
1000 9361 16309 0.0278
5000 59692 83998 0.146633
10000 137722 227184 0.385936
50000 907511 1250950 2.17455
100000 1852412 2869056 5.33456
500000 11052763 16720041 28.2038
1000000 22895611 36142414 60.8414
