1000 14199 8555 0.012061
5000 84230 51242 0.073463
10000 178024 109224 0.161129
50000 1072731 626408 0.947626
100000 2271268 1322048 2.29731
500000 13049584 7410534 11.9453
1000000 26971475 15574173 24.0693
1000 13694 8652 0.012264
5000 81614 51320 0.074889
10000 173616 110009 0.160415
50000 1031325 630386 0.94852
100000 2312841 1317464 2.03378
500000 13163880 7393405 11.8717
1000000 28113491 15418305 23.6539
1000 12418 8757 0.014543
5000 81426 51711 0.074327
10000 189019 108619 0.160591
50000 1049668 627439 0.950463
100000 2242779 1329622 2.2396
500000 12574906 7472730 11.7044
1000000 26823507 15550979 23.7527
1000 13037 8657 0.012278
5000 82604 51353 0.074245
10000 173916 110226 0.160399
50000 1043833 628639 0.934306
100000 2222464 1329350 2.22515
500000 13010990 7437180 11.815
1000000 27294626 15510421 23.6425
1000 13060 8569 0.011967
5000 83219 51276 0.073942
10000 175465 110647 0.17741
50000 1019894 630350 1.13264
100000 2248003 1322866 2.33104
500000 12678642 7478047 11.5068
1000000 27609503 15559812 23.7367
