1000 19236 27354 0.04327
5000 119222 171333 0.405047
10000 258646 372969 0.791556
50000 1524868 2212302 4.50507
100000 3249030 4723545 8.26166
500000 18547660 27071490 42.4673
1000000 39097812 57146718 89.5388
1000 19194 27291 0.040155
5000 119170 171255 0.257041
10000 258740 373110 0.561805
50000 1524878 2212317 3.46315
100000 3249484 4724226 8.58258
500000 18548018 27072027 42.245
1000000 39096540 57144810 89.6737
1000 19184 27276 0.043437
5000 119312 171468 0.255885
10000 258302 372453 0.561199
50000 1525278 2212917 4.21003
100000 3249858 4724787 7.91201
500000 18547958 27071937 42.2845
1000000 39094810 57142215 88.3687
1000 19234 27351 0.042047
5000 119182 171273 0.255832
10000 258412 372618 0.557341
50000 1525182 2212773 3.83447
100000 3249196 4723794 8.25889
500000 18548294 27072441 42.5264
1000000 39098618 57147927 88.3443
1000 19058 27087 0.040943
5000 119298 171447 0.259709
10000 258084 372126 0.556786
50000 1525160 2212740 3.75254
100000 3248896 4723344 8.48096
500000 18549814 27074721 43.0912
1000000 39095866 57143799 88.3786
