1000 14136 8686 0.01198
5000 84603 52274 0.081295
10000 184382 111784 0.165501
50000 1047035 643869 0.989026
100000 2211150 1360612 2.69345
500000 12973213 7539563 11.8719
1000000 27369606 15820908 24.0228
1000 15141 8820 0.012267
5000 90717 52268 0.075456
10000 196340 111177 0.160551
50000 1064880 641294 0.974001
100000 2360033 1344951 2.31692
500000 13521049 7499840 12.0525
1000000 27414414 15764486 24.1091
1000 13186 8996 0.012404
5000 84703 52566 0.075342
10000 185319 111618 0.161453
50000 1048982 642968 0.980152
100000 2381002 1348443 2.32752
500000 13097416 7523819 11.6202
1000000 27356548 15807227 23.9907
1000 14581 8816 0.012178
5000 84398 52506 0.075287
10000 174743 113213 0.164595
50000 1064861 641155 0.944091
100000 2283996 1344806 2.26364
500000 13012057 7537112 11.8
1000000 26607511 15873808 24.0013
1000 13129 9067 0.01258
5000 86622 52273 0.07574
10000 184348 111600 0.161459
50000 1129070 633881 0.937585
100000 2372668 1338505 2.23104
500000 13641421 7522454 11.672
1000000 28955454 15704844 23.8434
