00000111
00000011
10000001
11000000
01100000
00110000
10011000
01001100
00100110
10010011
01001001
00100100
10010010
11001001
01100100
10110010
11011001
11101100
01110110
00111011
10011101
01001110
00100111
00010011
00001001
00000100
10000010
01000001
10100000
01010000
10101000
11010100
01101010
10110101
11011010
01101101
10110110
01011011
10101101
11010110
01101011
00110101
10011010
01001101
10100110
11010011
01101001
00110100
00011010
00001101
10000110
11000011
11100001
11110000
11111000
01111100
10111110
11011111
01101111
10110111
11011011
11101101
11110110
01111011
10111101
01011110
10101111
11010111
11101011
01110101
10111010
01011101
00101110
00010111
10001011
01000101
00100010
00010001
00001000
10000100
11000010
01100001
10110000
11011000
01101100
00110110
00011011
10001101
11000110
11100011
11110001
01111000
00111100
10011110
11001111
11100111
01110011
00111001
10011100
11001110
01100111
00110011
00011001
10001100
01000110
10100011
11010001
01101000
10110100
01011010
00101101
10010110
01001011
00100101
00010010
10001001
01000100
10100010
01010001
00101000
10010100
01001010
10100101
01010010
10101001
01010100
00101010
10010101
11001010
11100101
01110010
10111001
11011100
11101110
01110111
10111011
11011101
01101110
00110111
10011011
11001101
11100110
11110011
01111001
10111100
11011110
11101111
11110111
11111011
11111101
01111110
10111111
01011111
00101111
10010111
11001011
01100101
00110010
10011001
11001100
01100110
10110011
01011001
10101100
01010110
00101011
00010101
10001010
11000101
01100010
00110001
00011000
00001100
00000110
10000011
11000001
11100000
01110000
10111000
01011100
10101110
01010111
10101011
01010101
10101010
11010101
11101010
11110101
11111010
01111101
00111110
10011111
01001111
10100111
01010011
00101001
00010100
00001010
10000101
01000010
00100001
10010000
11001000
11100100
11110010
11111001
11111100
11111110
11111111
01111111
00111111
00011111
00001111
10000111
01000011
10100001
11010000
11101000
11110100
01111010
00111101
00011110
10001111
11000111
01100011
10110001
01011000
00101100
00010110
00001011
00000101
00000010
00000001
10000000
01000000
00100000
00010000
10001000
11000100
11100010
01110001
00111000
00011100
10001110
01000111
00100011
10010001
01001000
10100100
11010010
11101001
01110100
00111010
00011101
00001110
00000111
00000011
10000001
11000000
01100000
00110000
10011000
01001100
00100110
10010011
01001001
00100100
10010010
11001001
01100100
10110010
11011001
11101100
01110110
00111011
10011101
01001110
00100111
00010011
00001001
00000100
10000010
01000001
10100000
01010000
10101000
11010100
01101010
10110101
11011010
01101101
10110110
01011011
10101101
11010110
01101011
00110101
10011010
01001101
10100110
11010011
01101001
00110100
00011010
00001101
10000110
11000011
11100001
11110000
11111000
01111100
10111110
11011111
01101111
10110111
11011011
11101101
11110110
01111011
10111101
01011110
10101111
11010111
11101011
01110101
10111010
01011101
00101110
00010111
10001011
01000101
00100010
00010001
00001000
10000100
11000010
01100001
10110000
11011000
01101100
00110110
00011011
10001101
11000110
11100011
11110001
01111000
00111100
10011110
11001111
11100111
01110011
00111001
10011100
11001110
01100111
00110011
00011001
10001100
01000110
10100011
11010001
01101000
10110100
01011010
00101101
10010110
01001011
00100101
00010010
10001001
01000100
10100010
01010001
00101000
10010100
01001010
10100101
01010010
10101001
01010100
00101010
10010101
11001010
11100101
01110010
10111001
11011100
11101110
01110111
10111011
11011101
01101110
00110111
10011011
11001101
11100110
11110011
01111001
10111100
11011110
11101111
11110111
11111011
11111101
01111110
10111111
01011111
00101111
10010111
11001011
01100101
00110010
10011001
11001100
01100110
10110011
01011001
10101100
01010110
00101011
00010101
10001010
11000101
01100010
00110001
00011000
00001100
00000110
10000011
11000001
11100000
01110000
10111000
01011100
10101110
01010111
10101011
01010101
10101010
11010101
11101010
11110101
11111010
01111101
00111110
10011111
01001111
10100111
01010011
00101001
00010100
00001010
10000101
01000010
00100001
10010000
11001000
11100100
11110010
11111001
11111100
11111110
11111111
01111111
00111111
00011111
00001111
10000111
01000011
10100001
11010000
11101000
11110100
01111010
00111101
00011110
10001111
11000111
01100011
10110001
01011000
00101100
00010110
00001011
00000101
00000010
00000001
10000000
01000000
00100000
00010000
10001000
11000100
11100010
01110001
00111000
00011100
10001110
01000111
00100011
10010001
01001000
10100100
11010010
11101001
01110100
00111010
00011101
00001110
00000111
00000011
10000001
11000000
01100000
00110000
10011000
01001100
00100110
10010011
01001001
00100100
10010010
11001001
01100100
10110010
11011001
11101100
01110110
00111011
10011101
01001110
00100111
00010011
00001001
00000100
10000010
01000001
10100000
01010000
10101000
11010100
01101010
10110101
11011010
01101101
10110110
01011011
10101101
11010110
01101011
00110101
10011010
01001101
10100110
11010011
01101001
00110100
00011010
00001101
10000110
11000011
11100001
11110000
11111000
01111100
10111110
11011111
01101111
10110111
11011011
11101101
11110110
01111011
10111101
01011110
10101111
11010111
11101011
01110101
10111010
01011101
00101110
00010111
10001011
01000101
00100010
00010001
00001000
10000100
11000010
01100001
10110000
11011000
01101100
00110110
00011011
10001101
11000110
11100011
11110001
01111000
00111100
10011110
11001111
11100111
01110011
00111001
10011100
11001110
01100111
00110011
00011001
10001100
01000110
10100011
11010001
01101000
10110100
01011010
00101101
10010110
01001011
00100101
00010010
10001001
01000100
10100010
01010001
00101000
10010100
01001010
10100101
01010010
10101001
01010100
00101010
10010101
11001010
11100101
01110010
10111001
11011100
11101110
01110111
10111011
11011101
01101110
00110111
10011011
11001101
11100110
11110011
01111001
10111100
11011110
11101111
11110111
11111011
11111101
01111110
10111111
01011111
00101111
10010111
11001011
01100101
00110010
10011001
11001100
01100110
10110011
01011001
10101100
01010110
00101011
00010101
10001010
11000101
01100010
00110001
00011000
00001100
00000110
10000011
11000001
11100000
01110000
10111000
01011100
10101110
01010111
10101011
01010101
10101010
11010101
11101010
11110101
11111010
01111101
00111110
10011111
01001111
10100111
01010011
00101001
00010100
00001010
10000101
01000010
00100001
10010000
11001000
11100100
11110010
11111001
11111100
11111110
11111111
01111111
00111111
00011111
00001111
10000111
01000011
10100001
11010000
11101000
11110100
01111010
00111101
00011110
10001111
11000111
01100011
10110001
01011000
00101100
00010110
00001011
00000101
00000010
00000001
10000000
01000000
00100000
00010000
10001000
11000100
11100010
01110001
00111000
00011100
10001110
01000111
00100011
10010001
01001000
10100100
11010010
11101001
01110100
00111010
00011101
00001110
00000111
00000011
10000001
11000000
01100000
00110000
10011000
01001100
00100110
10010011
01001001
00100100
10010010
11001001
01100100
10110010
11011001
11101100
01110110
00111011
10011101
01001110
00100111
00010011
00001001
00000100
10000010
01000001
10100000
01010000
10101000
11010100
01101010
10110101
11011010
01101101
10110110
01011011
10101101
11010110
01101011
00110101
10011010
01001101
10100110
11010011
01101001
00110100
00011010
00001101
10000110
11000011
11100001
11110000
11111000
01111100
10111110
11011111
01101111
10110111
11011011
11101101
11110110
01111011
10111101
01011110
10101111
11010111
11101011
01110101
10111010
01011101
00101110
00010111
10001011
01000101
00100010
00010001
00001000
10000100
11000010
01100001
10110000
11011000
01101100
00110110
00011011
10001101
11000110
11100011
11110001
01111000
00111100
10011110
11001111
11100111
01110011
00111001
10011100
11001110
01100111
00110011
00011001
10001100
01000110
10100011
11010001
01101000
10110100
01011010
00101101
10010110
01001011
00100101
00010010
10001001
01000100
10100010
01010001
00101000
10010100
01001010
10100101
01010010
10101001
01010100
00101010
10010101
11001010
11100101
01110010
10111001
11011100
11101110
01110111
10111011
11011101
01101110
00110111
10011011
11001101
11100110
11110011
01111001
10111100
11011110
11101111
11110111
11111011
11111101
01111110
10111111
01011111
00101111
10010111
11001011
01100101
00110010
10011001
11001100
01100110
10110011
01011001
10101100
01010110
00101011
00010101
10001010
11000101
01100010
00110001
00011000
00001100
00000110
10000011
11000001
11100000
01110000
10111000
01011100
10101110
01010111
10101011
01010101
10101010
11010101
11101010
11110101
11111010
01111101
00111110
10011111
01001111
10100111
01010011
00101001
00010100
00001010
10000101
01000010
00100001
10010000
11001000
11100100
11110010
11111001
11111100
11111110
11111111
01111111
00111111
00011111
00001111
10000111
01000011
10100001
11010000
11101000
11110100
01111010
00111101
00011110
10001111
11000111
01100011
10110001
01011000
00101100
00010110
00001011
00000101
00000010
00000001
10000000
01000000
00100000
00010000
10001000
11000100
11100010
01110001
00111000
00011100
10001110
01000111
00100011
10010001
01001000
10100100
11010010
11101001
01110100
00111010
00011101
00001110
00000111
00000011
10000001
11000000
01100000
00110000
10011000
01001100
00100110
10010011
01001001
00100100
10010010
11001001
01100100
10110010
11011001
11101100
01110110
00111011
10011101
01001110
00100111
00010011
00001001
00000100
10000010
01000001
10100000
01010000
10101000
11010100
01101010
10110101
11011010
01101101
10110110
01011011
10101101
11010110
01101011
00110101
10011010
01001101
10100110
11010011
01101001
00110100
00011010
00001101
10000110
11000011
11100001
11110000
11111000
01111100
10111110
11011111
01101111
10110111
11011011
11101101
11110110
01111011
10111101
01011110
10101111
11010111
11101011
01110101
10111010
01011101
00101110
00010111
10001011
01000101
00100010
00010001
00001000
10000100
11000010
01100001
10110000
11011000
01101100
00110110
00011011
10001101
11000110
11100011
11110001
01111000
00111100
10011110
11001111
11100111
01110011
00111001
10011100
11001110
01100111
00110011
00011001
10001100
01000110
10100011
11010001
01101000
10110100
01011010
00101101
10010110
01001011
00100101
00010010
10001001
01000100
10100010
01010001
00101000
10010100
01001010
10100101
01010010
10101001
01010100
00101010
10010101
11001010
11100101
01110010
10111001
11011100
11101110
01110111
10111011
11011101
01101110
00110111
10011011
11001101
11100110
11110011
01111001
10111100
11011110
11101111
11110111
11111011
11111101
01111110
10111111
01011111
00101111
10010111
11001011
01100101
00110010
10011001
11001100
01100110
10110011
01011001
10101100
01010110
00101011
00010101
10001010
11000101
01100010
00110001
00011000
00001100
00000110
10000011
11000001
11100000
01110000
10111000
01011100
10101110
01010111
10101011
01010101
10101010
11010101
11101010
11110101
11111010
01111101
00111110
10011111
01001111
10100111
01010011
00101001
00010100
00001010
10000101
01000010
00100001
10010000
11001000
11100100
11110010
11111001
11111100
11111110
11111111
01111111
00111111
00011111
00001111
10000111
01000011
10100001
11010000
11101000
11110100
01111010
00111101
00011110
10001111
11000111
01100011
10110001
01011000
00101100
00010110
00001011
00000101
00000010
00000001
10000000
01000000
00100000
00010000
10001000
11000100
11100010
01110001
00111000
00011100
10001110
01000111
00100011
10010001
01001000
10100100
11010010
11101001
01110100
00111010
00011101
00001110
00000111
00000011
10000001
11000000
01100000
00110000
10011000
01001100
00100110
10010011
01001001
00100100
10010010
11001001
01100100
10110010
11011001
11101100
01110110
00111011
10011101
01001110
00100111
00010011
00001001
00000100
10000010
01000001
10100000
01010000
10101000
11010100
01101010
10110101
11011010
01101101
10110110
01011011
10101101
11010110
01101011
00110101
10011010
01001101
10100110
11010011
01101001
00110100
00011010
00001101
10000110
11000011
11100001
11110000
11111000
01111100
10111110
11011111
01101111
10110111
11011011
11101101
11110110
01111011
10111101
01011110
10101111
11010111
11101011
01110101
10111010
01011101
00101110
00010111
10001011
01000101
00100010
00010001
00001000
10000100
11000010
01100001
10110000
11011000
01101100
00110110
00011011
10001101
11000110
11100011
11110001
01111000
00111100
10011110
11001111
11100111
01110011
00111001
10011100
11001110
01100111
00110011
00011001
10001100
01000110
10100011
11010001
01101000
10110100
01011010
00101101
10010110
01001011
00100101
00010010
10001001
01000100
10100010
01010001
00101000
10010100
01001010
10100101
01010010
10101001
01010100
00101010
10010101
11001010
11100101
01110010
10111001
11011100
11101110
01110111
10111011
11011101
01101110
00110111
10011011
11001101
11100110
11110011
01111001
10111100
11011110
11101111
11110111
11111011
11111101
01111110
10111111
01011111
00101111
10010111
11001011
01100101
00110010
10011001
11001100
01100110
10110011
01011001
10101100
01010110
00101011
00010101
10001010
11000101
01100010
00110001
00011000
00001100
00000110
10000011
11000001
11100000
01110000
10111000
01011100
10101110
01010111
10101011
01010101
10101010
11010101
11101010
11110101
11111010
01111101
00111110
10011111
01001111
10100111
01010011
00101001
00010100
00001010
10000101
01000010
00100001
10010000
11001000
11100100
11110010
11111001
11111100
11111110
11111111
01111111
00111111
00011111
00001111
10000111
01000011
10100001
11010000
11101000
11110100
01111010
00111101
00011110
10001111
11000111
01100011
10110001
01011000
00101100
00010110
00001011
00000101
00000010
00000001
10000000
01000000
00100000
00010000
10001000
11000100
11100010
01110001
00111000
00011100
10001110
01000111
00100011
10010001
01001000
10100100
11010010
11101001
01110100
00111010
00011101
00001110
00000111
00000011
10000001
11000000
01100000
00110000
10011000
01001100
00100110
10010011
01001001
00100100
10010010
11001001
01100100
10110010
11011001
11101100
01110110
00111011
10011101
01001110
00100111
00010011
00001001
00000100
10000010
01000001
10100000
01010000
10101000
11010100
01101010
10110101
11011010
01101101
10110110
01011011
10101101
11010110
01101011
00110101
10011010
01001101
10100110
11010011
01101001
00110100
00011010
00001101
10000110
11000011
11100001
11110000
11111000
01111100
10111110
11011111
01101111
10110111
11011011
11101101
11110110
01111011
10111101
01011110
10101111
11010111
11101011
01110101
10111010
01011101
00101110
00010111
10001011
01000101
00100010
00010001
00001000
10000100
11000010
01100001
10110000
11011000
01101100
00110110
00011011
10001101
11000110
11100011
11110001
01111000
00111100
10011110
11001111
11100111
01110011
00111001
10011100
11001110
01100111
00110011
00011001
10001100
01000110
10100011
11010001
01101000
10110100
01011010
00101101
10010110
01001011
00100101
00010010
10001001
01000100
10100010
01010001
00101000
10010100
01001010
10100101
01010010
10101001
01010100
00101010
10010101
11001010
11100101
01110010
10111001
11011100
11101110
01110111
10111011
11011101
01101110
00110111
10011011
11001101
11100110
11110011
01111001
10111100
11011110
11101111
11110111
11111011
11111101
01111110
10111111
01011111
00101111
10010111
11001011
01100101
00110010
10011001
11001100
01100110
10110011
01011001
10101100
01010110
00101011
00010101
10001010
11000101
01100010
00110001
00011000
00001100
00000110
10000011
11000001
11100000
01110000
10111000
01011100
10101110
01010111
10101011
01010101
10101010
11010101
11101010
11110101
11111010
01111101
00111110
10011111
01001111
10100111
01010011
00101001
00010100
00001010
10000101
01000010
00100001
10010000
11001000
11100100
11110010
11111001
11111100
11111110
11111111
01111111
00111111
00011111
00001111
10000111
01000011
10100001
11010000
11101000
11110100
01111010
00111101
00011110
10001111
11000111
01100011
10110001
01011000
00101100
00010110
00001011
00000101
00000010
00000001
10000000
01000000
00100000
00010000
10001000
11000100
11100010
01110001
00111000
00011100
10001110
01000111
00100011
10010001
01001000
10100100
11010010
11101001
01110100
00111010
00011101
00001110
00000111
00000011
10000001
11000000
01100000
00110000
10011000
01001100
00100110
10010011
01001001
00100100
10010010
11001001
01100100
10110010
11011001
11101100
01110110
00111011
10011101
01001110
00100111
00010011
00001001
00000100
10000010
01000001
10100000
01010000
10101000
11010100
01101010
10110101
11011010
01101101
10110110
01011011
10101101
11010110
01101011
00110101
10011010
01001101
10100110
11010011
01101001
00110100
00011010
00001101
10000110
11000011
11100001
11110000
11111000
01111100
10111110
11011111
01101111
10110111
11011011
11101101
11110110
01111011
10111101
01011110
10101111
11010111
11101011
01110101
10111010
01011101
00101110
00010111
10001011
01000101
00100010
00010001
00001000
10000100
11000010
01100001
10110000
11011000
01101100
00110110
00011011
10001101
11000110
11100011
11110001
01111000
00111100
10011110
11001111
11100111
01110011
00111001
10011100
11001110
01100111
00110011
00011001
10001100
01000110
10100011
11010001
01101000
10110100
01011010
00101101
10010110
01001011
00100101
00010010
10001001
01000100
10100010
01010001
00101000
10010100
01001010
10100101
01010010
10101001
01010100
00101010
10010101
11001010
11100101
01110010
10111001
11011100
11101110
01110111
10111011
11011101
01101110
00110111
10011011
11001101
11100110
11110011
01111001
10111100
11011110
11101111
11110111
11111011
11111101
01111110
10111111
01011111
00101111
10010111
11001011
01100101
00110010
10011001
11001100
01100110
10110011
01011001
10101100
01010110
00101011
00010101
10001010
11000101
01100010
00110001
00011000
00001100
00000110
10000011
11000001
11100000
01110000
10111000
01011100
10101110
01010111
10101011
01010101
10101010
11010101
11101010
11110101
11111010
01111101
00111110
10011111
01001111
10100111
01010011
00101001
00010100
00001010
10000101
01000010
00100001
10010000
11001000
11100100
11110010
11111001
11111100
11111110
11111111
01111111
00111111
00011111
00001111
10000111
01000011
10100001
11010000
11101000
11110100
01111010
00111101
00011110
10001111
11000111
01100011
10110001
01011000
00101100
00010110
00001011
00000101
00000010
00000001
10000000
01000000
00100000
00010000
10001000
11000100
11100010
01110001
00111000
00011100
10001110
01000111
00100011
10010001
01001000
10100100
11010010
11101001
01110100
00111010
00011101
00001110
00000111
00000011
10000001
11000000
01100000
00110000
10011000
01001100
00100110
10010011
01001001
00100100
10010010
11001001
01100100
10110010
11011001
11101100
01110110
00111011
10011101
01001110
00100111
00010011
00001001
00000100
10000010
01000001
10100000
01010000
10101000
11010100
01101010
10110101
11011010
01101101
10110110
01011011
10101101
11010110
01101011
00110101
10011010
01001101
10100110
11010011
01101001
00110100
00011010
00001101
10000110
11000011
11100001
11110000
11111000
01111100
10111110
11011111
01101111
10110111
11011011
11101101
11110110
01111011
10111101
01011110
10101111
11010111
11101011
01110101
10111010
01011101
00101110
00010111
10001011
01000101
00100010
00010001
00001000
10000100
11000010
01100001
10110000
11011000
01101100
00110110
00011011
10001101
11000110
11100011
11110001
01111000
00111100
10011110
11001111
11100111
01110011
00111001
10011100
11001110
01100111
00110011
00011001
10001100
01000110
10100011
11010001
01101000
10110100
01011010
00101101
10010110
01001011
00100101
00010010
10001001
01000100
10100010
01010001
00101000
10010100
01001010
10100101
01010010
10101001
01010100
00101010
10010101
11001010
11100101
01110010
10111001
11011100
11101110
01110111
10111011
11011101
01101110
00110111
10011011
11001101
11100110
11110011
01111001
10111100
11011110
11101111
11110111
11111011
11111101
01111110
10111111
01011111
00101111
10010111
11001011
01100101
00110010
10011001
11001100
01100110
10110011
01011001
10101100
01010110
00101011
00010101
10001010
11000101
01100010
00110001
00011000
00001100
00000110
10000011
11000001
11100000
01110000
10111000
01011100
10101110
01010111
10101011
01010101
10101010
11010101
11101010
11110101
11111010
01111101
00111110
10011111
01001111
10100111
01010011
00101001
00010100
00001010
10000101
01000010
00100001
10010000
11001000
11100100
11110010
11111001
11111100
11111110
11111111
01111111
00111111
00011111
00001111
10000111
01000011
10100001
11010000
11101000
11110100
01111010
00111101
00011110
10001111
11000111
01100011
10110001
01011000
00101100
00010110
00001011
00000101
00000010
00000001
10000000
01000000
00100000
00010000
10001000
11000100
11100010
01110001
00111000
00011100
10001110
01000111
00100011
10010001
01001000
10100100
11010010
11101001
01110100
00111010
00011101
00001110
00000111
00000011
10000001
11000000
01100000
00110000
10011000
01001100
00100110
10010011
01001001
00100100
10010010
11001001
01100100
10110010
11011001
11101100
01110110
00111011
10011101
01001110
00100111
00010011
00001001
00000100
10000010
01000001
10100000
01010000
10101000
11010100
01101010
10110101
11011010
01101101
10110110
01011011
10101101
11010110
01101011
00110101
10011010
01001101
10100110
11010011
01101001
00110100
00011010
00001101
10000110
11000011
11100001
11110000
11111000
01111100
10111110
11011111
01101111
10110111
11011011
11101101
11110110
01111011
10111101
01011110
10101111
11010111
11101011
01110101
10111010
01011101
00101110
00010111
10001011
01000101
00100010
00010001
00001000
10000100
11000010
01100001
10110000
11011000
01101100
00110110
00011011
10001101
11000110
11100011
11110001
01111000
00111100
10011110
11001111
11100111
01110011
00111001
10011100
11001110
01100111
00110011
00011001
10001100
01000110
10100011
11010001
01101000
10110100
01011010
00101101
10010110
01001011
00100101
00010010
10001001
01000100
10100010
01010001
00101000
10010100
01001010
10100101
01010010
10101001
01010100
00101010
10010101
11001010
11100101
01110010
10111001
11011100
11101110
01110111
10111011
11011101
01101110
00110111
10011011
11001101
11100110
11110011
01111001
10111100
11011110
11101111
11110111
11111011
11111101
01111110
10111111
01011111
00101111
10010111
11001011
01100101
00110010
10011001
11001100
01100110
10110011
01011001
10101100
01010110
00101011
00010101
10001010
11000101
01100010
00110001
00011000
00001100
00000110
10000011
11000001
11100000
01110000
10111000
01011100
10101110
01010111
10101011
01010101
10101010
11010101
11101010
11110101
11111010
01111101
00111110
10011111
01001111
10100111
01010011
00101001
00010100
00001010
10000101
01000010
00100001
10010000
11001000
11100100
11110010
11111001
11111100
11111110
11111111
01111111
00111111
00011111
00001111
10000111
01000011
10100001
11010000
11101000
11110100
01111010
00111101
00011110
10001111
11000111
01100011
10110001
01011000
00101100
00010110
00001011
00000101
00000010
00000001
10000000
01000000
00100000
00010000
10001000
11000100
11100010
01110001
00111000
00011100
10001110
01000111
00100011
10010001
01001000
10100100
11010010
11101001
01110100
00111010
00011101
00001110
00000111
00000011
10000001
11000000
01100000
00110000
10011000
01001100
00100110
10010011
01001001
00100100
10010010
11001001
01100100
10110010
11011001
11101100
01110110
00111011
10011101
01001110
00100111
00010011
00001001
00000100
10000010
01000001
10100000
01010000
10101000
11010100
01101010
10110101
11011010
01101101
10110110
01011011
10101101
11010110
01101011
00110101
10011010
01001101
10100110
11010011
01101001
00110100
00011010
00001101
10000110
11000011
11100001
11110000
11111000
01111100
10111110
11011111
01101111
10110111
11011011
11101101
11110110
01111011
10111101
01011110
10101111
11010111
11101011
01110101
10111010
01011101
00101110
00010111
10001011
01000101
00100010
00010001
00001000
10000100
11000010
01100001
10110000
11011000
01101100
00110110
00011011
10001101
11000110
11100011
11110001
01111000
00111100
10011110
11001111
11100111
01110011
00111001
10011100
11001110
01100111
00110011
00011001
10001100
01000110
10100011
11010001
01101000
10110100
01011010
00101101
10010110
01001011
00100101
00010010
10001001
01000100
10100010
01010001
00101000
10010100
01001010
10100101
01010010
10101001
01010100
00101010
10010101
11001010
11100101
01110010
10111001
11011100
11101110
01110111
10111011
11011101
01101110
00110111
10011011
11001101
11100110
11110011
01111001
10111100
11011110
11101111
11110111
11111011
11111101
01111110
10111111
01011111
00101111
10010111
11001011
01100101
00110010
10011001
11001100
01100110
10110011
01011001
10101100
01010110
00101011
00010101
10001010
11000101
01100010
00110001
00011000
00001100
00000110
10000011
11000001
11100000
01110000
10111000
01011100
10101110
01010111
10101011
01010101
10101010
11010101
11101010
11110101
11111010
01111101
00111110
10011111
01001111
10100111
01010011
00101001
00010100
00001010
10000101
01000010
00100001
10010000
11001000
11100100
11110010
11111001
11111100
11111110
11111111
01111111
00111111
00011111
00001111
10000111
01000011
10100001
11010000
11101000
11110100
01111010
00111101
00011110
10001111
11000111
01100011
10110001
01011000
00101100
00010110
00001011
00000101
00000010
00000001
10000000
01000000
00100000
00010000
10001000
11000100
11100010
01110001
00111000
00011100
10001110
01000111
00100011
10010001
01001000
10100100
11010010
11101001
01110100
00111010
00011101
00001110
00000111
00000011
10000001
11000000
01100000
00110000
10011000
01001100
00100110
10010011
01001001
00100100
10010010
11001001
01100100
10110010
11011001
11101100
01110110
00111011
10011101
01001110
00100111
00010011
00001001
00000100
10000010
01000001
10100000
01010000
10101000
11010100
01101010
10110101
11011010
01101101
10110110
01011011
10101101
11010110
01101011
00110101
10011010
01001101
10100110
11010011
01101001
00110100
00011010
00001101
10000110
11000011
11100001
11110000
11111000
01111100
10111110
11011111
01101111
10110111
11011011
11101101
11110110
01111011
10111101
01011110
10101111
11010111
11101011
01110101
10111010
01011101
00101110
00010111
10001011
01000101
00100010
00010001
00001000
10000100
11000010
01100001
10110000
11011000
01101100
00110110
00011011
10001101
11000110
11100011
11110001
01111000
00111100
10011110
11001111
11100111
01110011
00111001
10011100
11001110
01100111
00110011
00011001
10001100
01000110
10100011
11010001
01101000
10110100
01011010
00101101
10010110
01001011
00100101
00010010
10001001
01000100
10100010
01010001
00101000
10010100
01001010
10100101
01010010
10101001
01010100
00101010
10010101
11001010
11100101
01110010
10111001
11011100
11101110
01110111
10111011
11011101
01101110
00110111
10011011
11001101
11100110
11110011
01111001
10111100
11011110
11101111
11110111
11111011
11111101
01111110
10111111
01011111
00101111
10010111
11001011
01100101
00110010
10011001
11001100
01100110
10110011
01011001
10101100
01010110
00101011
00010101
10001010
11000101
01100010
00110001
00011000
00001100
00000110
10000011
11000001
11100000
01110000
10111000
01011100
10101110
01010111
10101011
01010101
10101010
11010101
11101010
11110101
11111010
01111101
00111110
10011111
01001111
10100111
01010011
00101001
00010100
00001010
10000101
01000010
00100001
10010000
11001000
11100100
11110010
11111001
11111100
11111110
11111111
01111111
00111111
00011111
00001111
10000111
01000011
10100001
11010000
11101000
11110100
01111010
00111101
00011110
10001111
11000111
01100011
10110001
01011000
00101100
00010110
00001011
00000101
00000010
00000001
10000000
01000000
00100000
00010000
10001000
11000100
11100010
01110001
00111000
00011100
10001110
01000111
00100011
10010001
01001000
10100100
11010010
11101001
01110100
00111010
00011101
00001110
00000111
00000011
10000001
11000000
01100000
00110000
10011000
01001100
00100110
10010011
01001001
00100100
10010010
11001001
01100100
10110010
11011001
11101100
01110110
00111011
10011101
01001110
00100111
00010011
00001001
00000100
10000010
01000001
10100000
01010000
10101000
11010100
01101010
10110101
11011010
01101101
10110110
01011011
10101101
11010110
01101011
00110101
10011010
01001101
10100110
11010011
01101001
00110100
00011010
00001101
10000110
11000011
11100001
11110000
11111000
01111100
10111110
11011111
01101111
10110111
11011011
11101101
11110110
01111011
10111101
01011110
10101111
11010111
11101011
01110101
10111010
01011101
00101110
00010111
10001011
01000101
00100010
00010001
00001000
10000100
11000010
01100001
10110000
11011000
01101100
00110110
00011011
10001101
11000110
11100011
11110001
01111000
00111100
10011110
11001111
11100111
01110011
00111001
10011100
11001110
01100111
00110011
00011001
10001100
01000110
10100011
11010001
01101000
10110100
01011010
00101101
10010110
01001011
00100101
00010010
10001001
01000100
10100010
01010001
00101000
10010100
01001010
10100101
01010010
10101001
01010100
00101010
10010101
11001010
11100101
01110010
10111001
11011100
11101110
01110111
10111011
11011101
01101110
00110111
10011011
11001101
11100110
11110011
01111001
10111100
11011110
11101111
11110111
11111011
11111101
01111110
10111111
01011111
00101111
10010111
11001011
01100101
00110010
10011001
11001100
01100110
10110011
01011001
10101100
01010110
00101011
00010101
10001010
11000101
01100010
00110001
00011000
00001100
00000110
10000011
11000001
11100000
01110000
10111000
01011100
10101110
01010111
10101011
01010101
10101010
11010101
11101010
11110101
11111010
01111101
00111110
10011111
01001111
10100111
01010011
00101001
00010100
00001010
10000101
01000010
00100001
10010000
11001000
11100100
11110010
11111001
11111100
11111110
11111111
01111111
00111111
00011111
00001111
10000111
01000011
10100001
11010000
11101000
11110100
01111010
00111101
00011110
10001111
11000111
01100011
10110001
01011000
00101100
00010110
00001011
00000101
00000010
00000001
10000000
01000000
00100000
00010000
10001000
11000100
11100010
01110001
00111000
00011100
10001110
01000111
00100011
10010001
01001000
10100100
11010010
11101001
01110100
00111010
00011101
00001110
00000111
00000011
10000001
11000000
01100000
00110000
10011000
01001100
00100110
10010011
01001001
00100100
10010010
11001001
01100100
10110010
11011001
11101100
01110110
00111011
10011101
01001110
00100111
00010011
00001001
00000100
10000010
01000001
10100000
01010000
10101000
11010100
01101010
10110101
11011010
01101101
10110110
01011011
10101101
11010110
01101011
00110101
10011010
01001101
10100110
11010011
01101001
00110100
00011010
00001101
10000110
11000011
11100001
11110000
11111000
01111100
10111110
11011111
01101111
10110111
11011011
11101101
11110110
01111011
10111101
01011110
10101111
11010111
11101011
01110101
10111010
01011101
00101110
00010111
10001011
01000101
00100010
00010001
00001000
10000100
11000010
01100001
10110000
11011000
01101100
00110110
00011011
10001101
11000110
11100011
11110001
01111000
00111100
10011110
11001111
11100111
01110011
00111001
10011100
11001110
01100111
00110011
00011001
10001100
01000110
10100011
11010001
01101000
10110100
01011010
00101101
10010110
01001011
00100101
00010010
10001001
01000100
10100010
01010001
00101000
10010100
01001010
10100101
01010010
10101001
01010100
00101010
10010101
11001010
11100101
01110010
10111001
11011100
11101110
01110111
10111011
11011101
01101110
00110111
10011011
11001101
11100110
11110011
01111001
10111100
11011110
11101111
11110111
11111011
11111101
01111110
10111111
01011111
00101111
10010111
11001011
01100101
00110010
10011001
11001100
01100110
10110011
01011001
10101100
01010110
00101011
00010101
10001010
11000101
01100010
00110001
00011000
00001100
00000110
10000011
11000001
11100000
01110000
10111000
01011100
10101110
01010111
10101011
01010101
10101010
11010101
11101010
11110101
11111010
01111101
00111110
10011111
01001111
10100111
01010011
00101001
00010100
00001010
10000101
01000010
00100001
10010000
11001000
11100100
11110010
11111001
11111100
11111110
11111111
01111111
00111111
00011111
00001111
10000111
01000011
10100001
11010000
11101000
11110100
01111010
00111101
00011110
10001111
11000111
01100011
10110001
01011000
00101100
00010110
00001011
00000101
00000010
00000001
10000000
01000000
00100000
00010000
10001000
11000100
11100010
01110001
00111000
00011100
10001110
01000111
00100011
10010001
01001000
10100100
11010010
11101001
01110100
00111010
00011101
00001110
00000111
00000011
10000001
11000000
01100000
00110000
10011000
01001100
00100110
10010011
01001001
00100100
10010010
11001001
01100100
10110010
11011001
11101100
01110110
00111011
10011101
01001110
00100111
00010011
00001001
00000100
10000010
01000001
10100000
01010000
10101000
11010100
01101010
10110101
11011010
01101101
10110110
01011011
10101101
11010110
01101011
00110101
10011010
01001101
10100110
11010011
01101001
00110100
00011010
00001101
10000110
11000011
11100001
11110000
11111000
01111100
10111110
11011111
01101111
10110111
11011011
11101101
11110110
01111011
10111101
01011110
10101111
11010111
11101011
01110101
10111010
01011101
00101110
00010111
10001011
01000101
00100010
00010001
00001000
10000100
11000010
01100001
10110000
11011000
01101100
00110110
00011011
10001101
11000110
11100011
11110001
01111000
00111100
10011110
11001111
11100111
01110011
00111001
10011100
11001110
01100111
00110011
00011001
10001100
01000110
10100011
11010001
01101000
10110100
01011010
00101101
10010110
01001011
00100101
00010010
10001001
01000100
10100010
01010001
00101000
10010100
01001010
10100101
01010010
10101001
01010100
00101010
10010101
11001010
11100101
01110010
10111001
11011100
11101110
01110111
10111011
11011101
01101110
00110111
10011011
11001101
11100110
11110011
01111001
10111100
11011110
11101111
11110111
11111011
11111101
01111110
10111111
01011111
00101111
10010111
11001011
01100101
00110010
10011001
11001100
01100110
10110011
01011001
10101100
01010110
00101011
00010101
10001010
11000101
01100010
00110001
00011000
00001100
00000110
10000011
11000001
11100000
01110000
10111000
01011100
10101110
01010111
10101011
01010101
10101010
11010101
11101010
11110101
11111010
01111101
00111110
10011111
01001111
10100111
01010011
00101001
00010100
00001010
10000101
01000010
00100001
10010000
11001000
11100100
11110010
11111001
11111100
11111110
11111111
01111111
00111111
00011111
00001111
10000111
01000011
10100001
11010000
11101000
11110100
01111010
00111101
00011110
10001111
11000111
01100011
10110001
01011000
00101100
00010110
00001011
00000101
00000010
00000001
10000000
01000000
00100000
00010000
10001000
11000100
11100010
01110001
00111000
00011100
10001110
01000111
00100011
10010001
01001000
10100100
11010010
11101001
01110100
00111010
00011101
00001110
00000111
00000011
10000001
11000000
01100000
00110000
10011000
01001100
00100110
10010011
01001001
00100100
10010010
11001001
01100100
10110010
11011001
11101100
01110110
00111011
10011101
01001110
00100111
00010011
00001001
00000100
10000010
01000001
10100000
01010000
10101000
11010100
01101010
10110101
11011010
01101101
10110110
01011011
10101101
11010110
01101011
00110101
10011010
01001101
10100110
11010011
01101001
00110100
00011010
00001101
10000110
11000011
11100001
11110000
11111000
01111100
10111110
11011111
01101111
10110111
11011011
11101101
11110110
01111011
10111101
01011110
10101111
11010111
11101011
01110101
10111010
01011101
00101110
00010111
10001011
01000101
00100010
00010001
00001000
10000100
11000010
01100001
10110000
11011000
01101100
00110110
00011011
10001101
11000110
11100011
11110001
01111000
00111100
10011110
11001111
11100111
01110011
00111001
10011100
11001110
01100111
00110011
00011001
10001100
01000110
10100011
11010001
01101000
10110100
01011010
00101101
10010110
01001011
00100101
00010010
10001001
01000100
10100010
01010001
00101000
10010100
01001010
10100101
01010010
10101001
01010100
00101010
10010101
11001010
11100101
01110010
10111001
11011100
11101110
01110111
10111011
11011101
01101110
00110111
10011011
11001101
11100110
11110011
01111001
10111100
11011110
11101111
11110111
11111011
11111101
01111110
10111111
01011111
00101111
10010111
11001011
01100101
00110010
10011001
11001100
01100110
10110011
01011001
10101100
01010110
00101011
00010101
10001010
11000101
01100010
00110001
00011000
00001100
00000110
10000011
11000001
11100000
01110000
10111000
01011100
10101110
01010111
10101011
01010101
10101010
11010101
11101010
11110101
11111010
01111101
00111110
10011111
01001111
10100111
01010011
00101001
00010100
00001010
10000101
01000010
00100001
10010000
11001000
11100100
11110010
11111001
11111100
11111110
11111111
01111111
00111111
00011111
00001111
10000111
01000011
10100001
11010000
11101000
11110100
01111010
00111101
00011110
10001111
11000111
01100011
10110001
01011000
00101100
00010110
00001011
00000101
00000010
00000001
10000000
01000000
00100000
00010000
10001000
11000100
11100010
01110001
00111000
00011100
10001110
01000111
00100011
10010001
01001000
10100100
11010010
11101001
01110100
00111010
00011101
00001110
00000111
00000011
10000001
11000000
01100000
00110000
10011000
01001100
00100110
10010011
01001001
00100100
10010010
11001001
01100100
10110010
11011001
11101100
01110110
00111011
10011101
01001110
00100111
00010011
00001001
00000100
10000010
01000001
10100000
01010000
10101000
11010100
01101010
10110101
11011010
01101101
10110110
01011011
10101101
11010110
01101011
00110101
10011010
01001101
10100110
11010011
01101001
00110100
00011010
00001101
10000110
11000011
11100001
11110000
11111000
01111100
10111110
11011111
01101111
10110111
11011011
11101101
11110110
01111011
10111101
01011110
10101111
11010111
11101011
01110101
10111010
01011101
00101110
00010111
10001011
01000101
00100010
00010001
00001000
10000100
11000010
01100001
10110000
11011000
01101100
00110110
00011011
10001101
11000110
11100011
11110001
01111000
00111100
10011110
11001111
11100111
01110011
00111001
10011100
11001110
01100111
00110011
00011001
10001100
01000110
10100011
11010001
01101000
10110100
01011010
00101101
10010110
01001011
00100101
00010010
10001001
01000100
10100010
01010001
00101000
10010100
01001010
10100101
01010010
10101001
01010100
00101010
10010101
11001010
11100101
01110010
10111001
11011100
11101110
01110111
10111011
11011101
01101110
00110111
10011011
11001101
11100110
11110011
01111001
10111100
11011110
11101111
11110111
11111011
11111101
01111110
10111111
01011111
00101111
10010111
11001011
01100101
00110010
10011001
11001100
01100110
10110011
01011001
10101100
01010110
00101011
00010101
10001010
11000101
01100010
00110001
00011000
00001100
00000110
10000011
11000001
11100000
01110000
10111000
01011100
10101110
01010111
10101011
01010101
10101010
11010101
11101010
11110101
11111010
01111101
00111110
10011111
01001111
10100111
01010011
00101001
00010100
00001010
10000101
01000010
00100001
10010000
11001000
11100100
11110010
11111001
11111100
11111110
11111111
01111111
00111111
00011111
00001111
10000111
01000011
10100001
11010000
11101000
11110100
01111010
00111101
00011110
10001111
11000111
01100011
10110001
01011000
00101100
00010110
00001011
00000101
00000010
00000001
10000000
01000000
00100000
00010000
10001000
11000100
11100010
01110001
00111000
00011100
10001110
01000111
00100011
10010001
01001000
10100100
11010010
11101001
01110100
00111010
00011101
00001110
00000111
00000011
10000001
11000000
01100000
00110000
10011000
01001100
00100110
10010011
01001001
00100100
10010010
11001001
01100100
10110010
11011001
11101100
01110110
00111011
10011101
01001110
00100111
00010011
00001001
00000100
10000010
01000001
10100000
01010000
10101000
11010100
01101010
10110101
11011010
01101101
10110110
01011011
10101101
11010110
01101011
00110101
10011010
01001101
10100110
11010011
01101001
00110100
00011010
00001101
10000110
11000011
11100001
11110000
11111000
01111100
10111110
11011111
01101111
10110111
11011011
11101101
11110110
01111011
10111101
01011110
10101111
11010111
11101011
01110101
10111010
01011101
00101110
00010111
10001011
01000101
00100010
00010001
00001000
10000100
11000010
01100001
10110000
11011000
01101100
00110110
00011011
10001101
11000110
11100011
11110001
01111000
00111100
10011110
11001111
11100111
01110011
00111001
10011100
11001110
01100111
00110011
00011001
10001100
01000110
10100011
11010001
01101000
10110100
01011010
00101101
10010110
01001011
00100101
00010010
10001001
01000100
10100010
01010001
00101000
10010100
01001010
10100101
01010010
10101001
01010100
00101010
10010101
11001010
11100101
01110010
10111001
11011100
11101110
01110111
10111011
11011101
01101110
00110111
10011011
11001101
11100110
11110011
01111001
10111100
11011110
11101111
11110111
11111011
11111101
01111110
10111111
01011111
00101111
10010111
11001011
01100101
00110010
10011001
11001100
01100110
10110011
01011001
10101100
01010110
00101011
00010101
10001010
11000101
01100010
00110001
00011000
00001100
00000110
10000011
11000001
11100000
01110000
10111000
01011100
10101110
01010111
10101011
01010101
10101010
11010101
11101010
11110101
11111010
01111101
00111110
10011111
01001111
10100111
01010011
00101001
00010100
00001010
10000101
01000010
00100001
10010000
11001000
11100100
11110010
11111001
11111100
11111110
11111111
01111111
00111111
00011111
00001111
10000111
01000011
10100001
11010000
11101000
11110100
01111010
00111101
00011110
10001111
11000111
01100011
10110001
01011000
00101100
00010110
00001011
00000101
00000010
00000001
10000000
01000000
00100000
00010000
10001000
11000100
11100010
01110001
00111000
00011100
10001110
01000111
00100011
10010001
01001000
10100100
11010010
11101001
01110100
00111010
00011101
00001110
00000111
00000011
10000001
11000000
01100000
00110000
10011000
01001100
00100110
10010011
01001001
00100100
10010010
11001001
01100100
10110010
11011001
11101100
01110110
00111011
10011101
01001110
00100111
00010011
00001001
00000100
10000010
01000001
10100000
01010000
10101000
11010100
01101010
10110101
11011010
01101101
10110110
01011011
10101101
11010110
01101011
00110101
10011010
01001101
10100110
11010011
01101001
00110100
00011010
00001101
10000110
11000011
11100001
11110000
11111000
01111100
10111110
11011111
01101111
10110111
11011011
11101101
11110110
01111011
10111101
01011110
10101111
11010111
11101011
01110101
10111010
01011101
00101110
00010111
10001011
01000101
00100010
00010001
00001000
10000100
11000010
01100001
10110000
11011000
01101100
00110110
00011011
10001101
11000110
11100011
11110001
01111000
00111100
10011110
11001111
11100111
01110011
00111001
10011100
11001110
01100111
00110011
00011001
10001100
01000110
10100011
11010001
01101000
10110100
01011010
00101101
10010110
01001011
00100101
00010010
10001001
01000100
10100010
01010001
00101000
10010100
01001010
10100101
01010010
10101001
01010100
00101010
10010101
11001010
11100101
01110010
10111001
11011100
11101110
01110111
10111011
11011101
01101110
00110111
10011011
11001101
11100110
11110011
01111001
10111100
11011110
11101111
11110111
11111011
11111101
01111110
10111111
01011111
00101111
10010111
11001011
01100101
00110010
10011001
11001100
01100110
10110011
01011001
10101100
01010110
00101011
00010101
10001010
11000101
01100010
00110001
00011000
00001100
00000110
10000011
11000001
11100000
01110000
10111000
01011100
10101110
01010111
10101011
01010101
10101010
11010101
11101010
11110101
11111010
01111101
00111110
10011111
01001111
10100111
01010011
00101001
00010100
00001010
10000101
01000010
00100001
10010000
11001000
11100100
11110010
11111001
11111100
11111110
11111111
01111111
00111111
00011111
00001111
10000111
01000011
10100001
11010000
11101000
11110100
01111010
00111101
00011110
10001111
11000111
01100011
10110001
01011000
00101100
00010110
00001011
00000101
00000010
00000001
10000000
01000000
00100000
00010000
10001000
11000100
11100010
01110001
00111000
00011100
10001110
01000111
00100011
10010001
01001000
10100100
11010010
11101001
01110100
00111010
00011101
00001110
00000111
00000011
10000001
11000000
01100000
00110000
10011000
01001100
00100110
10010011
01001001
00100100
10010010
11001001
01100100
10110010
11011001
11101100
01110110
00111011
10011101
01001110
00100111
00010011
00001001
00000100
10000010
01000001
10100000
01010000
10101000
11010100
01101010
10110101
11011010
01101101
10110110
01011011
10101101
11010110
01101011
00110101
10011010
01001101
10100110
11010011
01101001
00110100
00011010
00001101
10000110
11000011
11100001
11110000
11111000