1000 14199 8555 0.011598
5000 84230 51242 0.073594
10000 178024 109224 0.157968
50000 1072731 626408 0.935931
100000 2271268 1322048 2.00803
500000 13049584 7410534 11.3898
1000000 26971475 15574173 24.1056
1000 13694 8652 0.011817
5000 81614 51320 0.073464
10000 173616 110009 0.161122
50000 1031325 630386 0.937139
100000 2312841 1317464 2.40779
500000 13163880 7393405 11.5699
1000000 28113491 15418305 23.2345
1000 12418 8757 0.012019
5000 81426 51711 0.073708
10000 189019 108619 0.156641
50000 1049668 627439 0.922548
100000 2242779 1329622 2.42566
500000 12574906 7472730 11.5477
1000000 26823507 15550979 23.4829
1000 13037 8657 0.011692
5000 82604 51353 0.073387
10000 173916 110226 0.159398
50000 1043833 628639 0.922292
100000 2222464 1329350 2.44569
500000 13010990 7437180 11.4905
1000000 27294626 15510421 23.848
1000 13060 8569 0.011716
5000 83219 51276 0.076399
10000 175465 110647 0.158901
50000 1019894 630350 0.941663
100000 2248003 1322866 2.12482
500000 12678642 7478047 11.7949
1000000 27609503 15559812 23.7322
