1000 8687 19952 0.048849
5000 55218 123616 0.279467
10000 120374 267232 0.601958
50000 718141 1568928 3.99234
100000 1536309 3337856 8.16312
500000 8837252 18951424 45.0435
1000000 18674265 39902848 158.345
1000 8699 19952 0.086239
5000 55186 123616 1.0063
10000 120422 267232 1.23008
50000 718101 1568928 4.46616
100000 1536352 3337856 7.64147
500000 8838101 18951424 48.2082
1000000 18674009 39902848 125.362
1000 8722 19952 0.056055
5000 55313 123616 0.310669
10000 120563 267232 0.748091
50000 718123 1568928 3.99083
100000 1536258 3337856 7.72934
500000 8837496 18951424 46.0116
1000000 18674129 39902848 116.952
1000 8703 19952 0.051577
5000 55291 123616 0.282704
10000 120472 267232 0.668412
50000 718436 1568928 3.58212
100000 1535917 3337856 9.58401
500000 8837592 18951424 46.4159
1000000 18674868 39902848 120.032
1000 8738 19952 0.056847
5000 55230 123616 0.460355
10000 120479 267232 0.709379
50000 718296 1568928 4.15019
100000 1536411 3337856 9.67408
500000 8836736 18951424 47.2219
1000000 18675211 39902848 125.032
