1000 15566 8664 0.012068
5000 85694 52028 0.074376
10000 185006 111886 0.162343
50000 1049789 647056 0.971849
100000 2326133 1348273 2.26504
500000 13206428 7545172 11.6536
1000000 28439813 15745883 23.9784
1000 13680 8966 0.01252
5000 81394 53126 0.076511
10000 178489 112482 0.164251
50000 1093014 639949 0.947765
100000 2329796 1351482 2.27643
500000 13074606 7546340 11.8642
1000000 27440318 15799048 23.9054
1000 13539 8992 0.012407
5000 84516 52734 0.075773
10000 179176 112884 0.164163
50000 1051665 645458 0.959945
100000 2310999 1353533 2.25341
500000 12845391 7593464 11.7421
1000000 26944600 15912672 24.2545
1000 14228 8854 0.012018
5000 82817 52611 0.076089
10000 185548 112535 0.163089
50000 1078999 636954 0.938397
100000 2390709 1336557 2.24775
500000 12921332 7579722 11.7516
1000000 26978226 15869945 24.0687
1000 13320 9012 0.012453
5000 87339 52476 0.074797
10000 185792 111077 0.160763
50000 1057419 642531 0.947485
100000 2312014 1354808 2.28169
500000 13208846 7528113 11.8154
1000000 28167959 15756240 23.8296
