1000 11478 20815 0.030173
5000 70929 119718 0.17607
10000 146015 241291 0.36032
50000 953379 1442635 2.26793
100000 1992557 3253937 5.47506
500000 11927900 19360625 29.9026
1000000 25893230 42484290 65.4429
1000 10118 18021 0.025915
5000 67885 123575 0.183717
10000 158359 256665 0.392037
50000 955167 1513892 2.53642
100000 2029571 3208981 5.19972
500000 11283958 18174796 27.996
1000000 24741127 37753352 57.8827
1000 10859 19411 0.03184
5000 71541 140790 0.208653
10000 162532 259150 0.3864
50000 887297 1468182 2.47558
100000 2037135 3493220 5.67973
500000 11588575 19257734 29.7332
1000000 24133364 39329970 60.6671
1000 10869 18379 0.027009
5000 73216 118406 0.178378
10000 154117 270953 0.41396
50000 944019 1701176 2.68676
100000 1914380 3142245 5.24752
500000 11441819 19048307 29.4981
1000000 24497834 39155468 60.4823
1000 10877 20535 0.029909
5000 67594 105920 0.156666
10000 153249 270613 0.40845
50000 984285 1466946 2.4011
100000 2006385 3298277 5.45864
500000 11821233 18875651 29.1258
1000000 24435527 40454104 62.6578
