1000 6073 9726 0.019334
5000 43744 65626 0.125695
10000 91442 135756 0.259125
50000 681965 908258 1.70199
100000 1450969 2189355 4.44896
500000 9207276 13964676 26.5828
1000000 20451666 31732588 55.4848
1000 4757 6977 0.015221
5000 39734 67154 0.129752
10000 104135 151295 0.283866
50000 685406 979258 1.82642
100000 1485143 2135448 4.34396
500000 8563365 12809160 23.0546
1000000 19280100 26950188 47.9931
1000 5347 8098 0.016817
5000 44698 87963 0.160827
10000 107265 151472 0.284984
50000 613838 926212 1.7637
100000 1494754 2416949 4.82967
500000 8862751 13870402 24.6973
1000000 18670721 28541436 50.4843
1000 5643 8349 0.01711
5000 45143 64853 0.129219
10000 99682 164014 0.308282
50000 669741 1161950 2.10161
100000 1370438 2066940 4.37277
500000 8721097 13678294 24.3309
1000000 19047034 28369779 49.9921
1000 5113 8917 0.019494
5000 39711 51051 0.102087
10000 99491 163869 0.304082
50000 709015 921377 1.72205
100000 1465236 2235539 4.55713
500000 9099532 13495420 24.2001
1000000 18985239 29678940 52.1509
