1000 13821 8775 0.012015
5000 81089 52313 0.07478
10000 183118 111111 0.163896
50000 1048318 638214 0.947382
100000 2233141 1344664 2.13244
500000 12870553 7523946 11.7008
1000000 27023031 15760870 23.9287
1000 14204 8540 0.011801
5000 80059 52663 0.075796
10000 183341 110992 0.161082
50000 1056237 637376 0.942467
100000 2388565 1323578 2.67846
500000 13246298 7458918 12.2711
1000000 27131343 15730396 24.0399
1000 13367 8640 0.012204
5000 86255 52170 0.075177
10000 178001 111379 0.16791
50000 1071343 641099 1.02024
100000 2322090 1343456 2.34818
500000 12879808 7536454 11.9098
1000000 26825929 15768984 24.648
1000 14960 8580 0.011963
5000 81241 52156 0.074522
10000 185294 110710 0.175289
50000 1064380 633435 0.935186
100000 2286302 1340141 2.33929
500000 12573256 7544371 11.7694
1000000 28646106 15702650 23.9163
1000 13633 8654 0.012193
5000 85599 51543 0.074328
10000 183463 111087 0.162495
50000 1032163 641542 1.1546
100000 2309825 1340300 2.33318
500000 12714748 7541068 11.7516
1000000 26415989 15825322 24.3076
